2.461795 2.713516 2.968907
0.2481114 0.2162874 0.1644885
0.04096541 0.04026812 0.03829366
0.01269114 0.004298673 -0.002660299
-0.00290896 -0.002271247 -0.001425172
-0.04378926 -0.03776952 -0.02852682
0.1632025 0.1747646 0.1566819
0.1200209 0.08101906 0.04420337
0.1802272 0.2080798 0.1866208
-0.06729654 -0.06539344 -0.05715004
-0.01751885 -0.007835567 0.003382502
-0.05387337 -0.05327232 -0.04695853
-0.1196886 -0.09867248 -0.06678779
-0.03479437 -0.03441634 -0.02815075
-0.04532079 -0.038282 -0.02681178
-0.01076401 -0.01428412 -0.0168254
