1.220747 1.183816 1.208912
0.3316116 0.07976222 -0.2744354
-0.05854805 -0.04630165 -0.03338905
-0.008323774 -0.01198206 -0.01585549
0.02687026 0.02242957 0.02318505
0.003309776 0.007136661 0.01057161
-0.01382585 -0.02333911 -0.03973031
0.03561518 0.03962984 0.04159227
-0.08280082 -0.08241159 -0.1082007
0.07105242 -0.01569059 -0.1129194
0.005609887 0.009352874 0.00502546
0.02721251 -0.04951518 -0.1251783
-0.004747317 0.0149818 0.0370528
0.003732538 0.004948994 0.008322385
0.05074544 0.04900358 0.04898006
0.0194323 0.02350312 0.02689785
-0.03314408 -0.03182187 -0.02724934
-0.03681717 -0.03654852 -0.03380121
-0.008448758 -0.008387434 -0.009411172
-0.1488715 -0.132098 -0.1161396
-0.01097587 -0.008361521 -0.02777725
-0.01934373 -0.02789677 -0.03296808
0.006408545 0.009871509 -0.009841752
-0.02821944 -0.03128473 -0.0257072
0.009597188 0.00394637 -0.03935505
0.004283301 -0.03150437 -0.07120828
0.0263588 0.02234271 0.01665733
0.03330355 -0.004604725 -0.04565853
0.01643868 0.008223282 0.007326524
0.03230687 0.004902141 -0.02462634
-0.01569988 -0.02453656 -0.0401711
0.009392951 0.01287754 0.01974277
-0.01752209 -0.01655964 -0.01583449
0.004042919 -0.0006857451 -0.005334444
-0.02508452 -0.02549819 -0.02898712
-0.002994414 -0.001005932 -0.0005312295
0.01995471 0.02005123 0.01699652
0.04274713 0.04038265 0.03759376
-0.007562194 -0.01035617 -0.008152763
-0.004440206 -0.005629289 -0.009508683
-0.015885 -0.01710079 -0.01438846
-0.01072035 -0.002859286 0.003174124
0.01745482 0.01360526 -0.006790292
0.01006686 0.01689116 0.02242136
0.0178338 0.01381149 -0.01114791
-0.01389396 -0.01013254 -0.008012911
0.01090531 0.01177268 -0.007684635
0.03153338 0.03045733 0.03147162
-0.02848757 -0.03655281 -0.06949203
0.1224847 -0.03014906 -0.147561
-0.03500934 -0.0437709 -0.04980608
-0.01127914 -0.02963656 -0.04831911
-0.01669088 -0.01644356 -0.008906691
-0.02721443 -0.03878045 -0.05008921
0.002522774 0.001416162 -0.001470222
-0.02732668 -0.03803943 -0.04766414
-0.002033051 -0.009759746 -0.02130239
0.00959649 0.005091181 0.003805525
-0.00355674 -0.00707831 -0.006379237
-0.02511523 -0.02243889 -0.0169103
0.0008341266 0.001993079 0.001928586
-0.02063537 -0.0209887 -0.02301067
0.02791444 0.02960966 0.02560982
0.126451 0.1119154 0.07585798
