2.153655 2.166064 2.049261
-0.6597337 -0.782693 -1.019723
0.1436729 0.1282385 0.1551663
0.1746618 0.1926461 0.22354
-0.04904567 -0.03794992 -0.03059331
-0.009664413 -0.02552809 -0.02454139
-0.1533251 -0.1624689 -0.243382
-0.1322811 -0.09750672 -0.07754614
0.1120697 0.1096874 0.03278003
-0.2331506 -0.2614653 -0.3027083
-0.07064848 -0.0669732 -0.09113656
-0.1502005 -0.1414405 -0.1907385
0.1116101 0.09625142 0.124273
-0.30354 -0.2947902 -0.3196614
0.02861993 0.01873892 0.005471822
0.2577409 0.2460277 0.2773896
-0.01563847 -0.03157375 -0.007798872
-0.009187019 -0.008003052 -0.007697834
0.0834149 0.09035896 0.08550479
-0.07839986 -0.08235291 -0.06434893
-0.1232106 -0.1494772 -0.1734038
-0.1524682 -0.1408106 -0.1213257
0.06541587 0.01304193 -0.04704827
-0.04735199 -0.04932236 -0.04053527
0.01617191 0.004678383 -0.05549144
-0.03653971 -0.03810659 -0.04391391
-0.07064551 -0.06190777 -0.07168273
0.01968043 0.02139075 0.02849739
-0.005346094 -0.00804693 -0.02553864
0.03196812 0.0454581 0.04358337
-0.0489802 -0.05004263 -0.03239203
-0.2549702 -0.2357235 -0.2368032
0.09140816 0.09038829 0.08418128
-0.02819699 -0.02494313 -0.01604758
-0.003384271 -0.0132373 -0.008822387
0.1723796 0.1701282 0.1810193
-0.03333397 -0.05240025 -0.02947334
0.0195516 0.01102698 0.0242718
0.02414189 0.02041556 0.01857644
-0.01507043 -0.01654274 -0.0103396
0.1236015 0.129164 0.1199711
-0.05481863 -0.06437925 -0.0508651
-0.09697149 -0.09652225 -0.09001679
-0.07500611 -0.07448246 -0.0747028
0.001322377 -0.02028515 -0.043478
-0.07023409 -0.07736476 -0.06112777
0.0305392 0.02280586 -0.009642785
0.01979814 0.00332747 0.01301992
-0.03318967 -0.03106729 -0.07459573
-0.1272501 0.07367137 0.03284641
0.007406836 -0.01105809 0.00559337
-0.01184097 0.009298825 0.01527284
0.01816544 0.006380841 0.001058029
0.0359778 0.05102014 0.06554504
0.06743441 0.06190055 0.05378713
0.04571242 0.06088601 0.0746737
-0.1149489 -0.1136455 -0.1133089
0.09571353 0.09910084 0.1167604
0.07738303 0.07009863 0.0545086
-0.1441934 -0.1217594 -0.120541
-0.01770429 -0.01443835 -0.02857848
0.05254447 0.05287892 0.05905455
0.01148961 0.02907308 0.03445456
0.3488921 0.4067204 0.3865253
