2.453503 2.433252 2.318396
-0.7471058 -0.9123313 -1.032166
0.1196322 0.1154683 0.1089693
0.02426258 0.04556009 0.05322192
0.04243668 0.01665153 -0.00944739
0.07587965 0.1016493 0.1239955
-0.218213 -0.2528361 -0.3093934
-0.2545732 -0.2152297 -0.1393903
-0.1854272 -0.255521 -0.3453096
-0.05103388 -0.04290847 -0.02803791
0.106022 0.08177285 0.04364824
-0.003550537 0.01590895 0.06519921
0.3873085 0.4679749 0.5529602
0.01598481 -0.01435645 -0.04576278
0.01521102 0.01245383 0.0211257
0.04285108 0.07557946 0.1102007
