1.984769 1.985868 1.743394
-0.02165291 -0.1665814 -0.5231748
0.04519343 0.03808364 0.07487968
0.07344984 0.03363301 0.007614994
-0.05030569 -0.04827741 0.007037
0.04323468 0.05287459 0.05481261
-0.04514911 0.01253946 0.03439802
-0.01641892 -0.04930813 -0.0374464
-0.257797 -0.1145901 -0.01510616
-0.02979939 -0.0578172 -0.1960801
0.02555859 0.02831001 0.04317136
-0.02092163 -0.04377903 -0.1310053
0.1046441 0.08461507 0.1198412
-0.05934329 -0.01902159 -0.003314234
0.005681311 0.01228374 0.00892266
-0.03508019 -0.04117097 -0.05628229
-0.01481056 0.01298897 0.03860041
0.003810426 -0.009292885 0.01078865
0.02484958 0.01404095 -0.02441942
-0.2286564 -0.1307816 -0.01640858
0.02571562 -0.004498872 -0.0292323
0.01010894 -0.001374551 -0.01768397
0.02133836 0.02529412 -0.003505715
-0.008020616 -0.01819484 0.00286712
0.03708754 0.03999056 0.01779446
-0.02235251 -0.04825921 -0.09208208
-0.0326186 -0.02051055 0.03804299
-0.03772591 -0.03422637 -0.02506428
-0.03673753 -0.02723882 0.01562142
-0.0002096456 -0.006759393 -0.01225992
-0.05732445 -0.02382553 0.04289535
-0.01927933 0.006057696 0.001081331
-0.005397841 -0.005860883 0.06876771
0.001444579 0.00043263 0.005621985
-0.04033476 -0.03368775 -0.0574863
-0.003104694 -0.01197285 -0.02743808
-0.06455463 -0.03248572 -0.01404165
0.02774441 0.01054327 -0.01484102
0.01198281 0.005407937 -0.00249515
-0.05560403 -0.01595331 0.03201618
-0.03479473 -0.0296204 -0.06753257
-0.04499389 -0.03239932 -0.0006652396
0.004660978 -0.006752118 -0.01284671
0.0004938535 -0.01463457 -0.02248915
0.005992644 0.003784628 -0.002451841
-0.02323159 -0.01862355 -0.02177251
0.02849203 0.01016229 -0.005686242
-0.02938182 -0.0343702 -0.05062361
0.01727445 0.006148878 -0.0199036
0.1626978 -0.09385425 -0.3856006
-0.06913374 -0.02741514 0.04105927
-0.003755498 -0.008559519 -0.00594529
-0.01664357 -0.008125089 0.0188668
-0.0232515 -0.03015832 -0.02025772
0.004068167 -0.003527353 0.01220262
-0.03909433 -0.0341669 -0.01930127
-0.04833739 -0.03042945 -0.01197539
0.03854955 0.02997402 0.0308778
0.02329355 0.02467538 0.07824954
0.0513093 0.05320048 0.05442398
-0.04531969 -0.0365032 -0.01343812
-0.009790655 -0.01466477 -0.01386089
0.0486453 0.02709363 -0.03842212
0.1858889 0.04037314 0.03186082
