2.46476 2.444558 2.328773
-0.758083 -0.9218873 -1.039247
0.1534778 0.1494359 0.1421447
0.01414401 0.03922441 0.05162022
0.02944005 0.00229221 -0.0249318
0.05304863 0.07637995 0.09583354
-0.222038 -0.2545871 -0.3089004
-0.2546055 -0.2154512 -0.1411626
-0.1592677 -0.2310694 -0.3261791
-0.07218847 -0.06091459 -0.03950201
0.1157931 0.09243286 0.05486943
-0.01379871 0.005078817 0.05525809
0.3799521 0.4593884 0.542733
0.009375819 -0.02137116 -0.05225206
0.01282146 0.01037504 0.01961813
0.03769853 0.07165863 0.1068141
-0.1403029 -0.1809273 -0.2235833
0.02140036 0.04298528 0.06423712
0.003837585 0.0109659 0.01621301
-0.4132523 -0.4652561 -0.5252435
-0.08508839 -0.06828143 -0.02896613
-0.02110578 -0.01508751 0.000923236
0.09931413 0.1207143 0.1400985
0.003242533 -0.004963852 -0.01997791
-0.04659867 -0.02072835 0.0004897584
-0.1855865 -0.214071 -0.2297681
0.04699937 0.04169228 0.0405401
-0.1833232 -0.1983693 -0.2011316
-0.02459129 -0.02460044 -0.0301413
-0.09228152 -0.09532905 -0.1010724
-0.1730794 -0.2487049 -0.3253804
0.04260974 0.03597269 0.02371904
0.002951436 0.001135711 -0.02306879
-0.08572043 -0.08676829 -0.08820733
0.04903946 0.05437047 0.06043369
-0.1480093 -0.1625352 -0.1881609
0.02975623 0.03801832 0.06191366
0.0472813 0.04600878 0.04894057
0.09286743 0.1031816 0.1155038
-0.1176242 -0.1400286 -0.1506331
0.03460122 0.02771281 0.02540899
0.0234921 0.04188523 0.05811565
-0.0263191 -0.01649956 -0.008925306
-0.008038752 -0.01379106 -0.02723065
-0.04409854 -0.05713447 -0.06838664
-0.01497013 -0.0273641 -0.05273531
-0.1075494 -0.108329 -0.09973948
-0.01094118 -0.03828999 -0.06584653
-0.140804 -0.1693195 -0.1995539
0.3159339 0.4901825 0.7239589
0.2266805 0.2889577 0.3559877
-0.03891107 -0.04005543 -0.04217506
0.0828869 0.09978531 0.1176317
0.03919814 0.05080121 0.05571589
0.05640389 0.06602772 0.07816745
-0.08465618 -0.09046848 -0.0829697
-0.04590953 -0.0680831 -0.09590627
-0.006002194 0.01793088 0.04732913
-0.02436668 -0.02821209 -0.02636937
-0.02067938 -0.01995698 -0.002611242
-0.05165784 -0.0730056 -0.09589298
0.04848204 0.0593748 0.07651294
0.1237747 0.1529268 0.1999723
0.09140424 0.2526782 0.4761845
