1.637818 1.265677 0.7627968
-0.2169348 -0.2575856 -0.2339512
-0.050427 -0.05402918 -0.03633259
0.1616727 0.1747543 0.1808276
-0.04047283 -0.04113793 -0.04577055
0.0636296 0.04004589 0.01526232
0.03172747 0.03015186 -0.01710122
-0.05363173 -0.07064998 -0.07807522
-0.04283178 0.008471585 0.03031823
-0.2056481 -0.1557303 -0.1124933
0.05918829 0.07304619 0.08695549
-0.06587484 -0.03139316 0.008172166
-0.008499059 0.003519782 0.01487104
0.002899185 0.009273874 0.01960514
0.02188051 0.03452409 0.02023257
0.1011049 0.1004463 0.09366167
0.00745865 -0.0127489 -0.02548709
0.05476202 0.0460186 0.04864373
0.002193914 -0.002771186 -0.009817585
0.1292828 0.1240819 0.08539919
0.01076764 0.0004652714 0.004575211
0.0425399 0.05168396 0.05408496
-0.01813525 -0.0158464 0.01270676
0.01150268 0.01565923 0.03150469
0.08486142 0.07115122 0.05324179
0.03190493 0.03445969 0.03201284
-0.02691036 -0.0205281 -0.01429746
-0.0793994 -0.05790091 -0.04045603
0.004729619 -0.006294837 -0.01606459
0.02453586 0.02304284 0.0296779
-0.0492862 -0.06286877 -0.0681673
0.02029577 0.02080211 0.02440191
0.07700272 0.06209187 0.03907869
0.009289387 0.01352463 0.01735233
0.03966496 0.03900892 0.04460426
-0.01719047 -0.002609319 0.01189363
0.005226268 0.004646338 0.002803668
-0.01141114 -0.01296587 -0.007111795
-0.006473497 -0.008042345 -0.01221785
-0.0560297 -0.06355937 -0.05234609
-0.001335277 -0.007032339 -0.01253802
0.03464194 0.02338723 0.01895415
-0.005719418 -0.01146824 -0.01400806
0.0242211 0.01819003 0.005796284
-0.01215784 -0.005251988 0.01183976
-0.01776875 -0.02022018 -0.01572212
0.0728228 0.06738983 0.0430213
0.0001611161 0.00416592 0.008118911
0.09219179 0.09246224 0.08689048
0.2431473 0.1674632 0.08961792
-0.01674495 -0.02733 -0.04151399
-0.01274398 -0.009597703 -0.007903417
0.004815435 0.00299931 -0.002082566
-0.05386271 -0.03838507 -0.03778891
0.01410965 0.01167415 0.01223783
0.001964406 0.00763602 0.003914359
0.02052779 0.01391722 0.006461232
-0.04052134 -0.04226546 -0.04267923
0.02525022 0.02221864 0.02403335
-0.007293554 -0.01067147 -0.01297022
-0.01471201 -0.01325656 -0.004838846
-0.02764064 -0.03064425 -0.02944993
-0.01144014 -0.005479708 -0.0005178354
-0.2091883 -0.1957963 -0.1689881
