2.633269 2.642761 2.69653
-0.07850737 -0.08168387 -0.08982521
-0.005492766 -0.003963442 -0.004934375
-0.1494772 -0.1235111 -0.07977694
0.1458923 0.1209192 0.08743111
-0.02032721 -0.01476955 -0.01068986
-0.05123295 -0.05184399 -0.05755318
-0.009146663 -0.01375276 -0.01445049
0.03132254 0.008422003 -0.03902103
-0.05969197 -0.05996834 -0.04849641
-0.003145991 0.003412273 0.005635398
0.0065734 0.007360796 0.01608063
-0.05727906 -0.04277833 -0.02305495
0.07465986 0.05747505 0.02826745
-0.0217482 -0.0155195 -0.008163982
-0.004091308 -0.005952043 -0.002938571
0.06665457 0.06135095 0.05227887
0.02125668 0.01984008 0.01365228
-0.06478894 -0.05417407 -0.03740635
0.1040173 0.08691122 0.06133182
-0.02537007 -0.03074245 -0.03896438
-0.0006048415 0.001338421 0.002435318
-0.09017967 -0.09211281 -0.09522419
-0.01173657 -0.006876026 -0.0025692
-0.007935088 -0.03430561 -0.07396298
-0.0873134 -0.07130416 -0.04907053
-0.0005070915 -0.004810136 -0.0112425
-0.01097635 -0.007544439 -0.00371589
0.003246773 0.0004742891 -0.002040871
0.006657843 0.01011146 0.01428056
0.03256094 0.02911487 0.02070791
-0.008833542 -0.01382171 -0.02077475
0.036986 0.03155081 0.02227689
0.007482233 0.006240171 0.004223674
-0.001797249 -0.0001473229 3.547165E-05
-0.009864011 -0.006877429 0.001006042
0.08366749 0.07759375 0.06842122
0.008304329 0.007478056 0.008730601
-0.02817998 -0.02302345 -0.01529804
-0.005684964 -0.008035386 -0.00737723
-0.06107365 -0.05053212 -0.02985125
0.01039237 0.009477082 0.005636225
-0.01616112 -0.01717275 -0.02176921
0.004642998 0.003913345 0.004815371
-0.02572617 -0.02730483 -0.02920712
0.00294149 0.001787684 -0.0007517213
-0.06639725 -0.06367514 -0.06201501
0.008117679 0.00628201 0.00241927
-0.05354401 -0.05727239 -0.06415597
-0.4219115 -0.374466 -0.3031956
-0.01917841 -0.01731299 -0.01481187
-0.0003759694 -0.000267948 0.0005540168
-0.0128242 -0.01380214 -0.01526829
-0.005767722 -0.003731288 0.0006469018
0.001134092 -0.0003681327 -0.002014725
-0.004324208 -0.0008654339 0.006179589
0.02173828 0.02050682 0.01683696
-0.02813393 -0.0216826 -0.01147776
0.02023529 0.01702534 0.01124238
-0.05601349 -0.04778761 -0.03774536
0.01667386 0.01430466 0.01012447
-0.02265911 -0.0173593 -0.01061575
-0.006103626 -0.006880516 -0.006999775
0.1644453 0.1286214 0.08418072
