1.703567 1.69361 1.650938
0.2435352 0.2423441 0.2369897
-0.07804541 -0.07777622 -0.07614371
-0.2049342 -0.2037409 -0.198909
0.05094039 0.05063789 0.0494292
0.0005463841 0.0006887377 0.0006471639
0.04661964 0.04648009 0.0454322
-0.3629716 -0.3610623 -0.3529039
0.1939568 0.1927826 0.1883113
-0.1768676 -0.1758539 -0.1717716
-0.1128066 -0.1122409 -0.1096754
-0.1684872 -0.1675904 -0.1638742
-0.3885292 -0.386431 -0.3775887
0.1128804 0.1123184 0.1096857
-0.01897051 -0.01911266 -0.01872944
0.01075293 0.0109149 0.01067514
-0.07244317 -0.07206739 -0.07062324
-0.02808882 -0.02788918 -0.02714971
0.07510556 0.07479121 0.07318101
0.1484418 0.1475579 0.1442487
-0.2723661 -0.27086 -0.2646852
0.06305824 0.06257565 0.06095139
0.06244694 0.0621074 0.06078475
-0.1773663 -0.1763668 -0.1723959
-0.1597322 -0.1589426 -0.1552585
0.001353549 0.001334664 0.001343722
-0.09614766 -0.09564584 -0.09359204
-0.2354084 -0.2341282 -0.2287616
-0.1465928 -0.1457688 -0.1423915
0.07246864 0.07198159 0.07030232
0.2626482 0.2613052 0.2552938
-0.1615478 -0.1606695 -0.1570026
-0.05147718 -0.05108302 -0.04992337
0.0139003 0.01377389 0.01349483
-0.04273182 -0.04249985 -0.04146244
0.01710911 0.01709508 0.01662859
-0.0442304 -0.04400789 -0.04301015
0.04010137 0.03992275 0.03911209
-0.0551186 -0.05476929 -0.05356222
0.1195953 0.118987 0.1162065
0.2057593 0.2046271 0.1999792
0.008781308 0.00876586 0.008527305
-0.03976506 -0.03971274 -0.03889362
-0.1953065 -0.1942918 -0.1896759
0.06811849 0.06787301 0.06637008
0.02696609 0.02659909 0.02592067
-0.1610683 -0.160121 -0.1564616
-0.07725099 -0.07684162 -0.07509714
0.003843376 0.003883444 0.003893401
0.1816801 0.1804414 0.1758997
0.04590416 0.04572065 0.04467488
0.01298145 0.01291537 0.01260664
-0.07446029 -0.07412946 -0.07228545
-0.04867771 -0.04850707 -0.04749392
0.05724715 0.0569666 0.05560999
0.01994992 0.01992747 0.01948607
0.1834064 0.1824114 0.1782732
0.1089733 0.1085072 0.1061205
-0.05471968 -0.05449997 -0.05317501
-0.03189621 -0.0317027 -0.0309856
0.1646994 0.1638278 0.1600417
-0.01616705 -0.01600635 -0.01554481
0.1321256 0.1314004 0.1285047
0.06511347 0.06451714 0.06268431
