1.745242 1.650584 1.781068
-0.2051725 -0.1769158 -0.1359932
0.01973419 0.01465778 0.01317194
0.1964399 0.1757114 0.1259537
-0.07025675 -0.06434762 -0.05167582
-0.03345405 -0.02753691 -0.01885941
-0.0286925 -0.04995951 -0.02240396
-0.1555024 -0.142952 -0.1054692
0.2411283 0.1824342 0.1584255
0.007912376 0.008038283 0.003813059
0.01877984 0.017952 0.0137918
0.05396254 0.04980687 0.03345373
0.02300582 0.02631645 0.02112495
-0.1731665 -0.1471366 -0.09912503
-0.1189249 -0.1066444 -0.07801278
-0.06526767 -0.06618395 -0.06343669
0.05092179 0.04529475 0.03674126
0.04781732 0.04285587 0.03190148
0.04194268 0.03715074 0.02584989
0.02329108 0.01641452 0.006044536
0.04215433 0.02521418 0.02193327
0.0300627 0.03437562 0.02675282
0.03979578 0.02367755 0.01724276
-0.04570105 -0.03852592 -0.02373754
-0.1066905 -0.1152035 -0.08578327
0.02143112 0.02308667 0.01650886
0.03292669 0.03038978 0.02215214
-0.003842338 -0.001932059 -0.002678487
-0.008789084 -0.01102714 -0.01424688
-0.01445742 -0.009938382 -0.00826599
-0.03381632 -0.03449247 -0.02584702
-0.0155976 -0.01123336 -0.003202013
0.1063533 0.09070026 0.06186681
0.09298876 0.08491148 0.06396643
0.005192828 0.0116429 0.0170854
-0.02292144 -0.03165225 -0.03028825
-0.003028884 -4.666922E-05 0.001308791
0.00290106 0.0009205 -0.003507602
-0.04246061 -0.03842867 -0.02980537
-0.007520771 -0.007120356 -0.001362477
-0.01925752 -0.01822625 -0.01557135
0.00167183 0.001798404 0.001124733
0.01648886 0.01503499 0.01403767
0.02999536 0.02183348 0.01144977
0.02754233 0.01097484 -0.002202204
0.03724879 0.0340781 0.02550269
0.005683938 -0.0003862543 -0.003211781
0.08745217 0.08841962 0.07502533
-0.1051999 -0.1004003 -0.07564544
0.2135503 0.2261719 0.1728754
-0.06928895 -0.06599636 -0.05627525
-0.0213571 -0.01671745 -0.01157643
-0.02855065 -0.02631737 -0.02201406
-0.04612355 -0.03276761 -0.02127673
-0.02228463 -0.01790205 -0.01150685
-0.03821683 -0.02794953 -0.01912872
-0.01651007 -0.01259107 -0.008950891
0.04502828 0.04467696 0.03609115
0.0396193 0.0289635 0.01597163
-0.01211703 -0.01456051 -0.01437156
-0.02433266 -0.03057978 -0.03074023
0.009255052 0.006687728 0.001956628
0.1312957 0.1307171 0.108968
-0.04900206 -0.09504279 -0.09533843
