2.121792 1.870497 1.707041
-0.6053534 -0.6676301 -0.7041869
0.1252318 0.1010709 0.08376168
-0.1304251 -0.1443644 -0.1601514
0.1961544 0.2037356 0.2125408
-0.01301737 -0.009510417 -0.005213135
-0.08525766 -0.1171455 -0.1492137
0.0500099 0.05033016 0.05095708
0.08070897 0.01959044 -0.009225799
-0.4468583 -0.5146823 -0.5891127
-0.05302058 -0.05588594 -0.0611287
-0.1048084 -0.1020868 -0.09098636
0.1876775 0.1607986 0.1453464
0.07254688 0.0762382 0.08167486
-0.01059745 -0.007319644 -0.004099702
0.02662383 0.03112872 0.03442356
0.1021226 0.1064222 0.1057781
0.02588626 0.02942261 0.03310328
-0.06963407 -0.07347543 -0.07517534
-0.1004067 -0.09283151 -0.09195448
-0.08375023 -0.1003007 -0.1117771
-0.0574584 -0.05863084 -0.06113197
0.03494162 0.02198693 0.01493759
0.0004369738 0.001406165 -0.0001401773
-0.2731025 -0.2974906 -0.3260328
-0.01591935 -0.02282875 -0.03155869
-0.05174125 -0.05475533 -0.05859915
-0.2179206 -0.2527752 -0.286383
0.03080981 0.03429517 0.03834275
0.04624439 0.06044631 0.07459826
-0.02484192 -0.03908239 -0.0513532
-0.01252388 -0.01350594 -0.01115105
-0.01876118 -0.007648476 0.0002707495
-0.01747318 -0.01874473 -0.01769731
0.01338255 0.01773398 0.02229787
0.09027464 0.1023329 0.1122784
-0.05672711 -0.06635285 -0.07569536
0.005440173 0.00179761 0.0008765694
0.01291239 0.0124692 0.01299048
-0.06825963 -0.07409555 -0.07966279
-0.001854432 -0.0003307881 -0.002527528
-0.02559433 -0.01541462 -0.005685445
0.09610609 0.08200599 0.07866015
0.0314346 0.03151442 0.03238989
-0.05765155 -0.04574574 -0.03533035
-0.005214234 -0.006466188 -0.005192599
-0.1201896 -0.1467617 -0.1682081
-0.04440846 -0.04886528 -0.05593768
-0.2462054 -0.2472514 -0.2589709
0.824625 1.130711 1.530923
0.01417472 0.01611781 0.02100762
-0.008157253 -0.01081873 -0.009373127
0.03024328 0.03053912 0.03168354
0.02095948 0.006667032 -0.005482231
-0.02602123 -0.0262262 -0.02707124
-0.05466278 -0.05125475 -0.0488861
0.02005879 0.01625825 0.01530411
0.006275197 0.004178718 0.0003488396
-0.03209942 -0.01658363 -0.008100686
0.02606146 0.03168265 0.03326477
-0.05854202 -0.05668208 -0.05739799
0.008782917 0.009700629 0.01387853
0.04769154 0.05456658 0.06643233
-0.5446017 -0.4653814 -0.3760031
