0.6740372 1.264734 1.101306
0.4623356 0.5994475 0.2374811
-0.1230551 0.1282369 0.09095863
-0.00775343 -0.01341617 -0.02718898
-0.005484802 0.0001951648 -0.02384684
-0.1236887 -0.1554418 -0.03294561
-0.2165117 -0.005110405 0.1502182
0.01817464 0.04503484 0.1032908
-0.243984 -0.1019051 0.2463508
0.02532453 -0.02887945 0.1265891
0.0248741 0.04598076 0.06375688
-0.05399005 -0.001959086 0.1054327
0.1874906 0.4865084 0.3004323
0.02888796 0.06914704 0.1390184
-0.01063572 0.05861027 -0.08319714
0.003827626 -0.002467214 0.02647253
-0.02866822 -0.03040021 0.01420746
0.01349801 0.05943767 -0.01448741
0.04595343 0.07435398 0.07834087
0.1408705 0.2282933 0.04579862
-0.06238795 0.09175448 0.0353527
-0.03833567 -0.03084907 -0.009361634
-0.07045494 -0.01515946 0.03607414
-0.01498721 -0.02117336 -0.02649639
-0.09728742 -0.008498002 -0.01657842
-0.01606974 -0.08437852 -0.04711007
0.01891433 0.02209407 -0.002976889
-0.0428118 0.02239526 0.06266802
-0.02180564 -0.0009635829 -0.004674717
0.03577686 0.1296912 0.1453595
-0.1797612 -0.2901338 -0.127357
0.03523815 0.04951888 0.07585325
-0.06365579 0.08186439 0.1751432
-0.0367828 -0.04743326 -0.02541661
0.02932616 0.04000699 -0.001199599
0.01857735 0.02152551 0.0009501429
0.009229051 0.01473171 0.02875087
-0.008187468 0.04483141 0.01810023
-0.02479949 -0.02427617 -0.02833658
0.01962152 -0.01361291 0.02427031
0.05031065 0.0789834 0.09304477
-0.09846886 -0.02848251 -0.0204835
0.04350869 -0.0616141 -0.02379765
-0.04346872 -0.04890928 -0.03019329
-0.04374706 0.1062927 0.03830776
5.214629E-05 -0.01311209 0.02408963
-0.01473547 -0.0003796986 0.01506655
-0.01262746 -0.024515 -0.01681502
-0.03794731 -0.02225784 0.01806786
-0.6107201 -0.8225373 -0.7023357
-0.0140423 -0.0121723 -0.04785464
-0.01773855 0.003469257 0.03529372
-0.01503903 -0.01063747 0.009922842
-0.007753637 0.02949584 0.1004619
-0.06494641 -0.07189942 -0.0494656
-0.04250307 0.07024422 0.1024477
0.0254448 0.01878631 0.0295614
-0.0110822 -0.02518499 -0.04011165
-0.007119838 -0.01468351 0.02717944
-0.04690707 -0.0605077 -0.04574653
-0.04769637 0.03042702 0.02261308
0.01399231 0.008579116 0.01313003
-0.009621882 -0.001075528 -0.01095084
0.0751714 0.1182129 -0.04842051
